Phosphoprotein	stim01	stim02	stim03	stim04	stim05	stim06	stim07	stim08	stim09	stim10	stim11	stim12	stim13	stim14	stim15	stim16	stim17	stim18	stim19	stim20	stim21	stim22	stim23	stim24	stim25	stim26
AKT1	0.804343674562942	0.450257967060682	0.125060041771194	0.0139378679651955	0.291868001739798	0.00912365547109504	0.0121832417944357	0.0189440760000647	0.514569993608097	0.217915839571184	0.859010410967557	0.253468919290136	0.0238249300124783	0.197842081301431	0.0157414492411706	0.658163762994383	0.373960032005807	0.0203034602729961	0.902506411727505	0.182353506271753	0.00809503014440943	0.902451378817579	0.461305685075106	0.0305239278047499	0.340627488531947	0.284360877490859
CREB1	0.806669682912209	1	0.187715862640784	0.0948041124448451	0.34595208407931	0.00958327376756094	0.213613372643202	0.0438958458001298	0.955369363297578	0.3759391988597	0.762018517621328	0.397818737416334	0.0652293495153194	0.331481016944891	0.335734899423253	0.560740421621599	0.333439660942065	0.0487792305956745	0.500181799795401	0.345553123427184	0.0245867217152652	0.80666486249763	0.596115822157658	0.272691956765228	0.217837110382393	0.339536626417632
FAK1	0.367897942811369	0.247600823944413	0.000726299269803427	0.316175023292656	0.348506054918967	0.0636564314514739	0.0568850448641225	0.173882864407614	0.496632666896629	0.477321528294486	0.00555980353989234	0.472523430524735	0.058054224056701	0.336686947376261	0.00562767523995017	0.000744548771832929	0.49587796877671	0.102407722697456	0.552970207614669	0.316470468665366	0.0124667011769026	0.840633284606661	0.494496244989946	0.107475118133913	0.299081079355301	0.261732343555158
GSK3B	0.488796336301108	0.221922250511957	0	0.179258022761541	0.0490544506765306	0.122602715678615	0.0353841325709542	0.299554283301504	0.18081024782715	8.08656141013382e-06	0.264880794606131	0.0165713647027987	0.0756724583382316	0.101167564492365	0.139982476392088	0.507386675879797	0.0306844990632891	0.012064772316047	0.791456708714893	0.186767091415634	0.0113642330242466	0.515577614016113	0.132400357680774	0.00717693272855269	0.03422620153414	0.234824812795561
HSPB1	0.206551525778123	0.0113249733184392	0.0119010511340294	0.0191574722510327	0.350590547658792	0.0121795661595212	0.042510861272801	0.144018034937553	0.018797776177039	0.230559859460428	0.0170006151874915	0.220699823328097	0.0185563587957141	0.351222211811571	0.0191681174457593	0.0115234953578444	0.363126514047945	0.0273539045101706	0.011525674760768	0.0238466259422198	0.0122427089057619	0.0193458072724123	0.0111733143510971	0.0448035157101849	0.0841024658874651	0.170706502169897
IKBA	0.0114393433806118	0.196906836766262	0.0119543427586082	0.0219714682947975	0.34731006425949	0.0114390094216201	0.0801230324629388	0.0138051330095586	0.0646230394472405	0.321706173956975	0.0170092361041538	0.407980175212763	0.129213129497369	0.34002131254664	0.0771707154191237	0.0211183157101381	0.430339635628959	0.143625138015805	0.113602298341018	0.0185142741461335	0.294879849165778	0.0689060245894383	0.124321109249525	0.139686629287197	0.301680019325186	0.117672484817754
KS6A1	0.36329720797021	0.155179929523819	0.00436838210475948	0.0118051085827087	0.28314730075396	0.0185852564762656	0.124594858770165	0.319548251647619	0.166646233315359	0.344009933359188	0.254826657293845	0.188005773580302	0.00730288111258152	0.261471639332728	0.0384945350531619	0.0022481960198099	0.425027475708221	0.00222652900167815	0.205188412629283	0.0572462272722178	0.00405482407838451	0.485319284043077	0.357762751590134	0.167986511920846	0.280834338245003	0.222644087913371
KS6B1	0.242754200838297	0.225435453214678	0.0202511465171153	0.0215034296052586	0.275232844697858	0.0117669729634318	0.0584605566725202	0.0124073802194946	0.163322671990698	0.250275883228728	0.427129808523698	0.371235627324758	0.0288557691464325	0.0766773274057866	0.0176205366997768	0.0535922003659191	0.231224898073156	0.1534618554683	0.321090845463618	0.0135985492172496	0.0115414206074109	0.259985213410811	0.0511451139932751	0.137164855844144	0.276853962887821	0.28084365463338
MK03	0.576900685752848	0.269627386447696	0.0100993620524758	0.0670148764290459	0.460241925296174	0.00821163891519405	0.0389871972123843	0.314344561027118	0.38703890718566	0.355039515101203	0.247628466196316	0.483550062693407	0.0144591874525483	0.350981158176735	0.0104979663386522	0.0051106346128545	0.443301643169818	0.00911312733301419	0.0331052349898837	0.118210725498211	0.00511097157359269	0.631839886459932	0.598496479459041	0.12720994161451	0.147218024714494	0.23175228607021
MK09	0.864544707191599	0.209251921443223	0.0131460987149343	0.0130282207796526	0.437909404954592	0.0133058848077336	0.191291839371727	0.208105176021764	0.210476348177978	0.352496196015185	0.563688794935511	0.262726678285055	0.140247124427072	0.259999184740944	0.157200512892406	0.403576617459191	0.335895093224639	0.0683158727812992	0.230021132393778	0.189183265929318	0.0141556302905826	0.864574801588189	0.322198216873259	0.0188166985963105	0.329360128459245	0.219845663074134
MK14K11	0.01238024548913	0.0123827739280482	0.0124074366344452	0.0856773625087089	0.232439506881197	0.0135059270280205	0.0232550138398375	0.0393108241949817	0.146262716540925	0.224174303853574	0.334725066356223	0.016936272108736	0.140144035410704	0.0123840140342651	0.0191983670834627	0.18270683139893	0.0174896172055944	0.109607906723056	0.222730536539902	0.222118277111753	0.0153463709340429	0.592832003882421	0.0900254853283542	0.0568275298362591	0.155272524178961	0.214196411451497
MP2K1	0.592086515476587	0.88354826872502	0.0325976649346457	0.14878055823263	0.395055391142955	0.0275611176004974	0.0190134739496605	0.265661823461646	0.839918152022866	0.044555937196206	0.572411870579084	0.383939070923665	0.145341765179877	0.102675617341791	0.0173760708262878	0.297645883750361	0.286014047477093	0.211745418054037	0.621276089409894	0.306205523486727	0.19363521322215	0.883495274842149	0.650174356175666	0.0168592984408351	0.0114341601565738	0.312810978364167
MP2K6	0.450877558554785	0.230512242386501	0.0131282889088472	0.235932372932415	0.116956857566925	0.0240561128192548	0.0374948217291751	0.290459227097552	0.206614477138362	0.0211205254108481	0.246142290817068	0.0131225981450143	0.0186373790903879	0.0415768422005104	0.121460232490115	0.340587905394265	0.0528681899829081	0.0131239896710316	0.75149231123489	0.25763790542857	0.0237338709262487	0.517138275627739	0.454938306585531	0.0221280174823143	0.170708476433538	0.127651630685542
PTN11	0.524648740225279	0.18201672988691	0.0125017894817801	0.113638251321481	0.479335874251629	0.164650407601111	0.172823930934708	0.30289039481239	0.137978334243564	0.40348422829782	0.831190186412185	0.471622537177058	0.0508267920001092	0.874960876478398	0.10817216044553	0.0127149673661915	0.397206209101389	0.271177445825452	0.109440095849208	0.22298873158729	0.299270358652552	0.87485018189672	0.180145327122751	0.0184096461732885	0.294683166667169	0.330820824091053
TF65	0.817064048833906	0.299500321895193	0.010187938804959	0.0109920412913704	0.321081472643709	0.110282457050098	0.141528675359238	0.0789192332495538	0.19868978887223	0.124983589390138	0.426833478281365	0.103460940924173	0.0302611844514527	0.0319753467861913	0.0804008254011062	0.0161890702712444	0.160610672894747	0.0128015430671079	0.0219861685721118	0.015187421100149	0.228521532167221	0.105662221764677	0.404719152404341	0.0174793190282281	0.146679568156695	0.359587845222762
WNK1	0.471841091124391	0.259050320712963	0.015290489278527	0.0324962530245257	0.523700437734432	0.0715898316784165	0.0484540215496123	0.219440366888679	0.173172784060656	0.340843388512397	0.427189040380813	0.607322292182472	0.0237076400442762	0.250328769448825	0.0180393025671851	0.660465888457205	0.505060081670625	0.131471923129027	0.86562974712645	0.156749749404646	0.208796390743991	0.865737673805076	0.100440126414938	0.220916186847507	0.249504253011372	0.253243672854087
