Phosphoprotein	stim01	stim02	stim03	stim04	stim05	stim06	stim07	stim08	stim09	stim10	stim11	stim12	stim13	stim14	stim15	stim16	stim17	stim18	stim19	stim20	stim21	stim22	stim23	stim24	stim25	stim26
AKT1	0.306599393484711	0.0215072277585977	0.0207834883466477	0.0198484159939036	0.0249323425002739	0.0192715888703	0.0250395599231974	0.0210517799928638	0.0322511190223289	0.0158284769460314	0.0270967466038753	0.0197691577075082	0.501381909159537	0.0185432222096346	0.0314497593005072	0.014986104742172	0.0177273747727291	0.0278538596546787	0.0157635242430466	0.0229256586194484	0.0212722409849943	0.030078250131911	0.0174955988382423	0.0365531747240066	0.0196717552689402	0.0231031672492293
CREB1	0.0754241661019163	0.025125568571647	0.0187973467990969	0.00578797056017575	0.0133811709532424	0.00752057762831181	0.0140638199245353	0.00671688640239941	0.044552865642432	0.0105956222644791	0.0531612839044101	0.0137785071138884	0.0285066872163395	0.013067277351033	0.0105862696639146	0.00418530976973736	0.00547686618185421	0.00416937716957657	0.0409164214298815	0.00660059998874986	0.00386436574288537	0.0314414265327474	0.0224770297595765	0.0256116539084679	0.015827266656371	0.0136900486768184
FAK1	0.00178489229931576	0.0389042878894338	0.0100986613987158	0.0608740307452386	0.00684840830487412	0.0168184632840667	0.0385570166985828	0.0309623165921611	0.0554077010374861	0.0220575350433265	0.0803415961236512	0.0234612534034113	0.121413473546984	0.0263245571976424	0.00991402681857754	0.0136229909198288	0.00866104549689882	0.0106495606222875	0.031057924428281	0.0208169561021401	0.0120683684237449	0.294890156910059	0.0427387115647748	0.0247568895409908	0.0428563376788474	0.00108228387699981
GSK3B	1	0.0163116727190175	0.0169112796366028	0.0143212446270235	0.0225714794149313	0.0188167075320796	0.0256331173717849	0.0155709192083085	0.0345161169087733	0.0150695486042844	0.0850313878922174	0.0152365647450088	0.188322283338771	0.01487728945476	0.028617788561692	0.0146098437290301	0.0178057416162255	0.01606513655052	0.0195846933899801	0.0170488066497576	0.0154966645505057	0.0261632588200756	0.019261197065536	0.0252873614733965	0.0155788501480801	0.0206526400025994
HSPB1	0.0642444542881571	0.0142093371292488	0.0186723518274419	0.00599947216972209	0.0304533140017509	0.0418393749024943	0.0231649949347816	0.0123355962972621	0.057285246015086	0.0192263094837189	0.080564564941888	0.0207002873390335	0.0201616427243475	0.0192699594397757	0.0414293340604053	0.0304845536165252	0.0196363423836474	0.00802913606570454	0.0168544078301535	0.0196189037456766	0.0161135207514606	0.00804070084745578	0.0437961310244197	0.0209255557870017	0.0371994465774075	0.139916508309398
IKBA	0.190648803136539	0.0957153779305376	0.0904965459202189	0.0191175232730957	0.0205164485983314	0.0227517629242372	0.040489533921312	0.0252515147881215	0.0433251603034678	0.0183747607360986	0.0607827171507058	0.0212600802307952	0.0258648176289981	0.0181255766532527	0.0490824187084966	0.0805478982203244	0.0188512583072	0.0270207729595883	0.0387044811986814	0.0338270298553631	0.0226627944581854	0.0309083007463561	0.0221489924566445	0.115493106932534	0.0220276666004055	0.0481124712318768
KS6A1	0.619738489445259	0.0241207570350778	0.0224071246928777	0.0193774011934604	0.0214181616496833	0.0192062255528623	0.0329433674449456	0.0205353453725465	0.0320053720334518	0.020418403548707	0.0423591955132298	0.0205818193816567	0.106714330262601	0.0205210007712831	0.0291594648340775	0.0158831102757957	0.0204281400768526	0.0236529152592758	0.0289544364828434	0.0178818774307604	0.0188629399872981	0.0179010600570004	0.0242339866094629	0.0331859580958173	0.0210899156502997	0.0207514669974679
KS6B1	0.209512034103312	0.0184081186574347	0.0191869975968261	0.00793435123476393	0.0256877962587765	0.008431771261499	0.0323304838888352	0.0245938409523396	0.0307811674130881	0.0161080866612142	0.0442646933517685	0.0183937437312091	0.0181383006076808	0.0153555977704932	0.0339217879452413	0.0102833080567495	0.0186539226078239	0.038486182092574	0.0233873884786863	0.0238505365872622	0.0112311563612811	0.0108713310658996	0.00918325883534065	0.0296914816194351	0.0134428222905043	0.0161383283343928
MK03	0.463189780159243	0.014338641686928	0.0141399724977509	0.0140194646599933	0.0150311881725842	0.0128167840003721	0.0268796238620076	0.0163674417141738	0.026247776376058	0.0121168117586545	0.028654883592716	0.0131846512796788	0.0785912452109069	0.012333454307092	0.0228825122184887	0.0145561415879666	0.0134229337343768	0.0151192773608938	0.0231416721958148	0.016991763563007	0.0134178921211434	0.0299404852894688	0.0156578077835531	0.0232885759295619	0.0129374503540221	0.0133316348500525
MK09	0.0373104690560517	0.0134360472456051	0.0112658277214684	0.0217997337937693	0.0242347889179447	0.0348802551886723	0.0168620198598538	0.0193489682166226	0.0317419569193349	0.00955486958778604	0.0435611695900635	0.00921760531189009	0.0148481268840298	0.0121950383216599	0.0244138029198296	0.00705063855998851	0.0147327627334094	0.0288483586936631	0.0122108169412331	0.0174918522964352	0.0275610770176058	0.0044948947972113	0.0340549540715177	0.0243024910505585	0.0133148865090374	0.0195072003368408
MK14K11	0.304744719361401	0.0128711957757489	0.014846941276898	0.00508795185813509	0.0153914234949575	0.00517633596531596	0.014374300657133	0.0075613289415645	0.108163258284456	0.0105192577451277	0.127140837035281	0.00903776894857118	0.0109111555460118	0.00800428886126514	0.018393846308516	0.0178073570732417	0.00787209987172147	0.00456325588034048	0.0274946559345003	0.00784401856412989	0.00554123812598887	0.0101569886525923	0.0113450957954211	0.0158499089490261	0.00938989973125401	0.0852052713988876
MP2K1	0.454828838916906	0.0125075512109645	0.0113683833985858	0.0106926676154889	0.0127653566713487	0.00990941520609773	0.0212513586691993	0.0131086874239344	0.0238261049106139	0.00941293228896815	0.0259232551027687	0.0100136821273209	0.071591523540126	0.00961470475746963	0.0184377085444298	0.0104040547008741	0.0102969157088381	0.0106534425947958	0.0259955218842642	0.0127778854661059	0.0102565380457519	0.0244753258956238	0.0124246698095719	0.0201470172002356	0.0101898915787976	0.0103695869663694
MP2K6	0.0187511735430107	4.59742375081802e-05	0	0.000497671606719719	0.0138241371536805	0.0201094521263775	0.00568574911209388	0.007003660902787	0.0052130400878321	0.00235979398338951	0.157839979849501	0.00323959354232665	0.00643924848109439	0.0028823917443499	0.00193648169854494	0.000196707101158589	0.00490843401302847	0.0048421534767786	0.0120069118921866	0.00106550995654685	0.000942563994823751	0.00639252124547173	0.0132154027760084	0.00240221735063197	0.00382009969418606	0.0470122874466785
PTN11	0.119470570812965	0.023776544924202	0.0213081115664226	0.0313444280560903	0.0240798648584681	0.026461611866367	0.0382032375645216	0.0422869040304686	0.0332544659936436	0.0189644334974399	0.0427155093228862	0.0211776149946252	0.0670387804777059	0.0228529972904112	0.0317081103414227	0.0190330844473823	0.0183782145482691	0.0239198375127241	0.034558869696549	0.0322628692191769	0.0310057561465506	0.0524414225910253	0.0314160133024195	0.0345655542051268	0.0209493339146926	0.023249175836796
TF65	0.0200121535388422	0.0252585190619966	0.0614378244505626	0.0214128108957027	0.00386869756447862	0.0148196499236672	0.0442305376552823	0.0368864839785596	0.00906903755553379	0.00312677218280032	0.0309695050266189	0.00331289466466665	0.00801721476756016	0.00342488009608384	0.0356688880884752	0.0546957423247851	0.00340045447954891	0.0269942438644838	0.0116876224070352	0.0568015812417179	0.0248322882534889	0.00687746434771889	0.0108966301361964	0.0791055350191312	0.00382153523560426	0.00286464326137779
WNK1	0.392154890866861	0.0227403584015951	0.0257769136765369	0.0277243635762437	0.0244377440347621	0.0424014016736966	0.0386704227661016	0.0358735847337111	0.0275609265032823	0.017406758612666	0.0379725948128127	0.0198854383104123	0.753501109335861	0.0206199393673101	0.0377878316113485	0.018654265994654	0.018365549720181	0.0272516191647377	0.0268288267657822	0.0247620665265881	0.0354110599523213	0.0270905629076281	0.0326337367565038	0.0370780817957863	0.0204487527256013	0.0257612365328975
