Phosphoprotein	stim01	stim02	stim03	stim04	stim05	stim06	stim07	stim08	stim09	stim10	stim11	stim12	stim13	stim14	stim15	stim16	stim17	stim18	stim19	stim20	stim21	stim22	stim23	stim24	stim25	stim26
AKT1	0.233368343587126	0.12312674379342	0.277895771084515	0.278960058097109	0.00125816627884017	0.275751169610851	0.234989613162061	0.277229550836028	0.216700614895176	0.100473939011473	0.215854472236419	0.274790505669076	0.232752044860497	0.0012581772841606	0.183365950311615	0.285761598644164	0.272215467057043	0.274106356826305	0.40763542515912	0.13273082359648	0.275578910358754	0.407324609072722	0.271924092173514	0.233118945856237	0.155635131961407	0.127580940284798
CREB1	0.24435548858875	0.378694314722236	0.257668794634134	0.25370772803547	0.0576862932964962	0.25708587025317	0.218968398899064	0.254948216534709	0.431615156372616	0.138324178539692	0.23286477512303	0.256069410396235	0.219766733543182	0.0380546189782371	0.161486017844563	0.256550724987425	0.254091175473467	0.256267180406955	0.247411730830516	0.176243860312538	0.261366412480127	0.259514578957574	0.260191702212591	0.216366054737554	0.209668250073272	0.147429776251481
FAK1	0.232674388384814	0.287247503989168	0.00920562915093842	0.00905295919261929	0.00125224021548442	0.00953954287941494	0.0144119578314257	0.00921460909860393	0.226288088366502	0.152109236357812	0.215043282711004	0.00956284335486383	0.01461345458448	0.00125168194006842	0.149487805258326	0.0100303505228638	0.00914416171055514	0.00923227377353515	0.00162132946586464	0.0498358827228336	0.00925392663853452	0.905559660549535	0.00891437372549552	0.0142346781115914	0.0205866691705947	0.152105411807565
GSK3B	0.178466087630496	0.165868335496116	0.277151481465946	0.275076034665198	0.169996238980463	0.274120137424898	0.237114807708289	0.275768007929142	0.172454499395264	0.0906953647348073	0.185847520611549	0.272091678861807	0.237982664762798	0.153333656503442	0.0644800610270778	0.279826332487293	0.275032928415061	0.275698936664402	0.955491018867804	0.126264463580833	0.276805535121506	0.574927702142817	0.276478613512439	0.233030966511884	0.138704199974474	0.123849436359902
HSPB1	0.273250737056156	0.574035387622133	0.269472019659941	0.271078896651613	0.188491368226744	0.267427684729445	0.2266798120126	0.271363314596369	0.415085982609444	0.122374714762774	0.224790248129854	0.270600672665571	0.228561940952492	0.328151448411054	0.19523938022028	0.270840030932457	0.266723017408112	0.272423948128444	0.43125775506762	0.158123286820647	0.268279251124626	0.699360032971694	0.270980470848314	0.226683495635057	0.202367218865847	0.133153762228533
IKBA	0.995460643862871	0.181061859467172	0.277450783600737	0.279150761344677	0.153439757668915	0.276476293825519	0.231621609332898	0.273910443155431	0.222281996671822	0.107704691077678	0.148613444175376	0.276681217140298	0.233750150275302	0.161525750181712	0.264056913731646	0.278036596928625	0.274043013664278	0.277212443203063	0.262510138175085	0.137444426468179	0.277027781217448	0.212720363298523	0.276959166523083	0.234622034189642	0.180260843495745	0.125924506373128
KS6A1	0.223265166083957	0.152850722885826	0.271484244918824	0.278568782932355	0.16506354294144	0.273534271889818	0.235120738818292	0.271174529155814	0.15045697519495	0.14841240334473	0.148678436114793	0.273609844676697	0.232229802293505	0.152423757179358	0.0865191172688189	0.278594056142549	0.272488695126792	0.272959091003179	0.844109363529076	0.136210252382016	0.276271499321253	0.241314206295922	0.279100692578964	0.232915792231116	0.166063524701102	0.148442146193382
KS6B1	0.00125813792596411	0.00125848245676078	0.00140041615541839	0.00139883561550164	0.173566139774429	0.00139999679769996	0.00478052752172499	0.00139947437789351	0.00457588620225304	0.00126719011896583	0.148460348009564	0.00139647571846636	0.00478651489366495	0.187203098666493	0.00457677107083209	0.00139900134018839	0.00139758828227896	0.0013962938256084	0.777045981500629	0.00130676502505327	0.00139863264378164	0.00127980566194269	0.0013979889232958	0.00478160310747091	0.00131822501730158	0.00130335214054346
MK03	0.176813539949109	0.339328923476964	0.269023920653031	0.269956931040279	0.190730945426418	0.27399080376812	0.232226829600167	0.271006747624453	0.2899361056361	0.0813759026984807	0.150794634071926	0.271289858774315	0.234383023802829	0.168299141833908	0.0874553662012625	0.269665208646987	0.274461985565724	0.273107696735531	0.971716656371646	0.122001777206171	0.270453408645252	0.582016323190889	0.272319462073565	0.226015550501624	0.169573610855054	0.0987371818081711
MK09	0.0246777259530293	0.196364764472589	0.276220276631804	0.274359277605238	0.00103924100675633	0.275427503668023	0.230306874869948	0.279783427358599	0.238927115946119	0.111352297739522	0.226674551714791	0.273689196616224	0.2359701985704	0.00111911311558863	0.274997210751605	0.27928879528198	0.270308517605358	0.276208610729262	0.260836318224561	0.132857768890026	0.273211748564604	0.00602810635551628	0.270440402569845	0.234930179440198	0.15346376131743	0.127433477743379
MK14K11	0.248570283072499	0.576762184651637	0.266775035026038	0.267630369852174	0.168774522012312	0.266514043411114	0.227296340994054	0.272416750528916	0.447771087548267	0.121815513218532	0.247704061488547	0.267927902591802	0.227279754076996	0.263585983707025	0.160571883008373	0.274976029083666	0.271109242330573	0.270869691668816	0.382436546349704	0.161464033017849	0.268234790163354	0.385318312502563	0.273553998610156	0.230426958634118	0.208042199559728	0.130285096207261
MP2K1	0.166642988273026	0.39889828328418	0.275887150022749	0.271677765176609	0.174919665745538	0.279323302740385	0.234927790355615	0.27280824895818	0.325983373344548	0.111221228168342	0.156144168182384	0.277234393113091	0.233710159073898	0.173217450593343	0.157931321167524	0.276767246334732	0.275015173568434	0.275473430101337	1	0.145674140870733	0.274592405697598	0.758766113240246	0.274273486743203	0.235350972985007	0.190103214007747	0.128198794459574
MP2K6	0.00277009635373216	0.322248806072096	0.00126195684546819	0.00126088512814926	0.0022802815400252	0.00126255443565403	0.00457954640089928	0.00126192973644766	0.228837724079595	0.150796416435419	0.149742342060995	0.00126143251193991	0.00457996832715231	0.00261137144156678	0.00467609738709996	0.00126084189919356	0.00126102020169955	0.00126128112248405	0.323924545052716	0.00538754185554754	0.00126248725155435	0.144638331292205	0.0012610702288606	0.00458034520784977	0.00132039822242757	0.150825748630112
PTN11	0	0.134181704161494	0.277332851768249	0.272462272432618	1.61933162653295e-05	0.274632545860252	0.233409007608029	0.27246306455973	0.30515610308179	0.115338853803874	0.146075303508981	0.272414072294763	0.233964935619239	2.96165687017842e-05	0.102708899992938	0.280590303348984	0.276895562010831	0.277279024176541	0.692403941837714	0.147325779653549	0.273550461420465	0.190923880344703	0.272636750193871	0.234565802090968	0.18348294673488	0.129530389079784
TF65	0.464852065514478	0.0600248926623845	0.00126523924718036	0.0012654938371364	0.183997413077703	0.00126539438814177	0.00458568760593055	0.00126495686308951	0.16784428249861	0.148786517141612	0.148327041467002	0.0012649895816162	0.00458755707957834	0.115721959881469	0.00842145311188391	0.00126564032378325	0.00126517543311276	0.00126557651846	0.350294117235853	0.00702183842207075	0.0012654443162297	0.227336226628204	0.00126530303380116	0.00458586720466523	0.00138452675018798	0.148911965810202
WNK1	0.00222367548894465	0.15752183131824	0.275663323901406	0.278805698032823	0.00123960839768548	0.277382145928022	0.231016952323321	0.277938741989036	0.157805267890755	0.13793117871481	0.215214119472279	0.278100896092008	0.231526326746781	0.130110701590521	0.128103506546937	0.283932526590803	0.278747435497429	0.276824580032104	0.934710553274482	0.134943368623012	0.274339382515273	0.928335738815142	0.275860988361301	0.23198614008995	0.157533652895584	0.138368181981554
