Phosphoprotein	stim01	stim02	stim03	stim04	stim05	stim06	stim07	stim08	stim09	stim10	stim11	stim12	stim13	stim14	stim15	stim16	stim17	stim18	stim19	stim20	stim21	stim22	stim23	stim24	stim25	stim26
AKT1	0.47048282388575	0.373322752346575	0.420246989691607	0.420835764102156	0	0.420456268524009	0.355746968043702	0.421179005503435	0.392078730502428	0.246324073247647	0.309655877520601	0.421334042949718	0.356300135639987	0.00395976243450511	0.401380708555552	0.424604901224999	0.420974005668032	0.42157301238072	0.786270167041528	0.315738180303673	0.421553519097517	0.819910765096811	0.421625871673854	0.355531395010483	0.369565199941712	0.255014667120456
CREB1	0.76844983313979	0.803769699950954	0.380563041907616	0.379745929993388	0.208931080701191	0.382445937792458	0.319931990592541	0.379853783155796	0.717591838166717	0.278332378461106	0.822147054490981	0.379389282670435	0.320766782793465	0.185530742860679	0.420898427566457	0.382627746940883	0.381323922152157	0.381288612592296	0.868976298620613	0.322994192582458	0.379853024567181	0.871277578511462	0.382415095019865	0.318261680177894	0.351486637267831	0.286736457810351
FAK1	0.636792250303658	0.703845665955385	0.235978320991027	0.236340651889853	0.00176062146839932	0.236202181302422	0.202928959880023	0.23616317197176	0.632461420567177	0.28900960987934	0.461996137758222	0.236450329681241	0.202694330192438	0.0138438407341374	0.346314542193572	0.238287555411352	0.236086420159117	0.235603841844767	0.15315362404207	0.268204518400994	0.236106065155001	0.848119389693753	0.235940180862559	0.202810740279295	0.254407220091847	0.284855936923416
GSK3B	0.527684959714077	0.555077351530104	0.455852946431523	0.456721857734633	0.603417309995774	0.45618399703382	0.386139246668663	0.457948489989055	0.578352503529591	0.109070823789809	0.650175239496788	0.456050899915572	0.38657963135629	0.586965503384168	0.206529381422953	0.459896287409619	0.456906195115177	0.457065287689636	0.91081290048745	0.201020987369983	0.45509828614963	0.748286898171364	0.45584474986915	0.384463748062934	0.317405956252335	0.123272498132321
HSPB1	0.772579874109067	0.837053927844147	0.380011141253009	0.383104007359481	0.614947937359812	0.381664985699097	0.321672324473414	0.38132212527891	0.696896076540073	0.278970829889713	0.523652982605277	0.381210413549838	0.321588521225955	0.774748080335318	0.414099819135543	0.384465816324718	0.379688389530168	0.381026833351938	0.917869819085969	0.322103879839678	0.379876515806472	0.78776199857769	0.381458020101747	0.320595006037426	0.353294447634926	0.281859770172002
IKBA	0.98651011374272	0.643733959125086	0.467016899103605	0.466932787461253	0.622339648391464	0.467326102032897	0.395074368509847	0.467363982838918	0.595744003561239	0.190961480795394	0.494621914007261	0.46711129389817	0.394945681053776	0.70850531914341	0.469856574397346	0.467222376263746	0.467215442853774	0.467349606856461	0.82964479155351	0.284802214174521	0.4662426944937	0.682881153983797	0.465944176379266	0.395049661160244	0.377940308931098	0.203167731696425
KS6A1	0.571285895291395	0.585909739135402	0.46107146300628	0.460048032380164	0.594808436505277	0.459293143333827	0.390718987366576	0.460846830337735	0.620648846597848	0.192658059068495	0.593472838900009	0.460652699198357	0.389064078149636	0.525544608474084	0.261805946117157	0.461408281352515	0.460224206500384	0.461578171698791	0.889865260638485	0.285651388964995	0.461040006772715	0.676349981198034	0.460523282990688	0.389891135613962	0.374904284087229	0.203970884555041
KS6B1	0.00503495981211676	0.00730815905579735	0.059079353220781	0.0597153038296976	0.492901438702031	0.0592725141852712	0.0643781198671877	0.0595107308731332	0.0254089560909279	0.0123320352504871	0.398173744894449	0.0599465535661081	0.0644604844729976	0.522560194259533	0.0169824718291192	0.0586470324389584	0.0598312519438928	0.0593798606894858	0.757048497163401	0.021585088488125	0.0598183473170621	0.178810462631496	0.0594136825334573	0.0646463378461234	0.032353786602088	0.0156136261512283
MK03	0.61280437385968	0.828097557940808	0.457405440767735	0.452611112545123	0.624542730755087	0.454696042589238	0.386405753677278	0.45298673441916	0.770975829798951	0.103717296749679	0.684731806069569	0.453542509776251	0.381191615590269	0.63759205713316	0.185209418412888	0.455097113336663	0.455362252632662	0.456033179786254	0.985665367377761	0.200902057910167	0.45369645506939	0.781768018863668	0.45232397800038	0.389209225961087	0.320797716489862	0.118817741075732
MK09	0.247294022575	0.65366769588884	0.419907305438649	0.41926459100477	0.0360339759670989	0.420078381480261	0.354096677229091	0.419968034357105	0.646174901956105	0.249231997856296	0.38840398119582	0.419412976277807	0.354654911599034	0.0487881442898763	0.369740644314501	0.419826674310697	0.419910975412254	0.420857316720145	0.822658509909968	0.315456374589154	0.419998933948251	0.0706355614731734	0.420119699517723	0.353879246984481	0.368488988588251	0.258793175884309
MK14K11	0.873341350384554	0.740548817991435	0.427941103244142	0.423897777990427	0.565438519967962	0.426262089225185	0.359101064549749	0.424668266465035	0.639577067829002	0.236858415594252	0.73345258100553	0.425885537989438	0.359565230788521	0.655545717425279	0.428700581097752	0.431139650192149	0.432734047701352	0.429030034633403	0.922566221726115	0.313097773583967	0.424086976131916	0.90770805773243	0.424601578605803	0.362532924946411	0.374400040541032	0.247591094376108
MP2K1	0.66586951976322	0.764794115968036	0.463447134148186	0.465935224114579	0.603892288711699	0.464930833732398	0.390389197737062	0.462653445782961	0.728732948479166	0.236981119902591	0.696224721714549	0.464584783822067	0.391968359915595	0.656262280999843	0.321708195325886	0.464614674281887	0.460479546514948	0.463280661689645	1	0.31030185115893	0.458725926072864	0.780428565265778	0.46532584824428	0.392513301940494	0.375495633119088	0.244308176694967
MP2K6	0.223298842371289	0.461293321760768	0.0716973105123031	0.0716546278927339	0.0728077316913724	0.071586193698436	0.0748427397141152	0.0719277178529142	0.433856116677624	0.213456904945276	0.496985697524287	0.071802266288376	0.0745134604428336	0.0889083763203484	0.127789525045153	0.0714579552105676	0.0717579530471015	0.0719665545796367	0.711800434475452	0.159020918562498	0.0720553546925569	0.38080236502166	0.0716358656268219	0.0748524155936595	0.115372030895005	0.202248936505906
PTN11	0.00796271653103808	0.323983569654534	0.363945757088599	0.364462248052504	0.00164734430729154	0.364947353243723	0.306435266458546	0.36367241891399	0.414498787937222	0.28692902300533	0.194838577035495	0.363891552186551	0.306255968023302	0.0028231398403359	0.265559375532848	0.366606606402592	0.363135612530495	0.364113023524681	0.835424683363889	0.320376280804528	0.364362228368207	0.681685950571459	0.364528962385577	0.306362563513049	0.340367519616769	0.292967516803392
TF65	0.865943571365199	0.342000769076955	0.106222651197527	0.105798521205029	0.437462346617723	0.106092552255025	0.102010000896574	0.105738148348475	0.362118656643187	0.231402100919219	0.553511101233268	0.105828808376505	0.102088074999463	0.315044113165493	0.146552635124684	0.106392254158572	0.105374490209936	0.105729112888726	0.839942805292366	0.185124535561739	0.1062152730007	0.651912458394699	0.105846424692411	0.101338737121142	0.149080515200999	0.220330938130541
WNK1	0.0347909549611639	0.414100704991077	0.459654117550738	0.460791826560908	0.00774368794380727	0.461275304090467	0.389527458686409	0.459238723920536	0.478871993452436	0.194159742803837	0.518509237410748	0.460122264492921	0.389190077783356	0.193436548180636	0.334004262004429	0.464610824177741	0.459525453081235	0.461845152059168	0.841251741178227	0.288274730549305	0.459725593441882	0.859423623631407	0.460301701434506	0.389294024887249	0.375231698738362	0.206004018639584
